  [3.9128035, 43.6544887],
  [3.9131811, 43.6544825],
  [3.9133322, 43.6544833],
  [3.9135533, 43.6545005],
  [3.9137434, 43.6545309],
  [3.9139043, 43.6545521],
  [3.914054, 43.6545665],
  [3.9156669, 43.6546116],
  [3.9158391, 43.6546121],
  [3.9158969, 43.6546119],
  [3.9159483, 43.6546117],
  [3.9160617, 43.6546112],
  [3.9162401, 43.6546086],
  [3.9163401, 43.6546034],
  [3.9164844, 43.654594],
  [3.9166729, 43.6545739],
  [3.9169091, 43.6545384],
  [3.9171705, 43.6544833],
  [3.9174534, 43.6544071],
  [3.9176396, 43.6543458],
  [3.9177751, 43.6542965],
  [3.9179114, 43.6542437],
  [3.9180239, 43.6541921],
  [3.918134, 43.65414],
  [3.9182846, 43.6540608],
  [3.918428, 43.6539806],
  [3.9185333, 43.6539124],
  [3.9186173, 43.6538545],
  [3.9187085, 43.6537891],
  [3.9188178, 43.6537071],
  [3.9188994, 43.6536412],
  [3.9189818, 43.6535581],
  [3.9190441, 43.6535],
  [3.9190853, 43.6534615],
  [3.9191727, 43.6533668],
  [3.9192393, 43.6532906],
  [3.9193748, 43.6531134],
  [3.9195436, 43.6528927],
  [3.9196093, 43.6527987],
  [3.9196569, 43.6527242],
  [3.9197163, 43.6526187],
  [3.9197614, 43.6525178],
  [3.9197931, 43.6524284],
  [3.9198225, 43.652332],
  [3.9198415, 43.6522432],
  [3.9198557, 43.6521732],
  [3.9198644, 43.6520787],
  [3.9198938, 43.6514864],
  [3.9199056, 43.6513626],
  [3.9199368, 43.651242],
  [3.9199669, 43.651152],
  [3.9200176, 43.6510276],
  [3.9200876, 43.6508995],
  [3.9204071, 43.6503841],
  [3.9205592, 43.6501255],
  [3.920616, 43.6499816],
  [3.9206558, 43.6498945],
  [3.9210503, 43.6492406],
  [3.9212751, 43.6488787],
  [3.9213535, 43.6487417],
  [3.9214217, 43.6486311],
  [3.9214724, 43.6485634],
  [3.9215811, 43.6484393],
  [3.9217698, 43.6481228],
  [3.9218796, 43.6479712],
  [3.9219972, 43.6478446],
  [3.9221261, 43.6477351],
  [3.9222464, 43.647652],
  [3.9222869, 43.6476264],
  [3.9223001, 43.6476181],
  [3.9224244, 43.6475516],
  [3.9225298, 43.6475005],
  [3.9226631, 43.6474478],
  [3.9228368, 43.6473935],
  [3.9229813, 43.6473578],
  [3.9231976, 43.6473246],
  [3.9233735, 43.6473124],
  [3.9235427, 43.64731],
  [3.923722, 43.6473189],
  [3.9239596, 43.6473554],
  [3.926195, 43.6477875],
  [3.9264478, 43.647825],
  [3.9267292, 43.6478536],
  [3.9269651, 43.6478603],
  [3.927252, 43.6478579],
  [3.9274795, 43.6478487],
  [3.9276221, 43.647835],
  [3.9278035, 43.6478138],
  [3.927954, 43.6477895],
  [3.9281845, 43.6477491],
  [3.9283819, 43.6477134],
  [3.9285, 43.6476894],
  [3.9285919, 43.6476653],
  [3.9286672, 43.647636],
  [3.9287512, 43.6475976],
  [3.9288153, 43.6475581],
  [3.9288969, 43.6475002],
  [3.9289492, 43.6474486],
  [3.9290385, 43.6473506],
  [3.9290829, 43.6472668],
  [3.9291381, 43.6471375],
  [3.9291931, 43.6470324],
  [3.9292636, 43.6469326],
  [3.9294866, 43.6466173],
  [3.929594, 43.6464705],
  [3.9298044, 43.6462037],
  [3.9299755, 43.6460002],
  [3.9300373, 43.6459228],
  [3.93009, 43.645859],
  [3.9304297, 43.6452186],
  [3.9305171, 43.6450345],
  [3.9306322, 43.6447654],
  [3.9308022, 43.644365],
  [3.9308997, 43.6441153],
  [3.9309591, 43.6439118],
  [3.9309972, 43.6437447],
  [3.9310252, 43.6435574],
  [3.931042, 43.6433595],
  [3.9310375, 43.6431479],
  [3.9310185, 43.6429501],
  [3.9309782, 43.6427295],
  [3.9309266, 43.6425374],
  [3.9308582, 43.6423347],
  [3.9306414, 43.6417655],
  [3.930493, 43.6413869],
  [3.9303754, 43.6411162],
  [3.9301424, 43.6406184],
  [3.9300051, 43.6403052],
  [3.9299697, 43.6402363],
  [3.9299362, 43.6401905],
  [3.9299008, 43.6401636],
  [3.9298492, 43.6401295],
  [3.9297742, 43.6400968],
  [3.9297072, 43.6400776],
  [3.9295287, 43.6400492],
  [3.9293232, 43.6400166],
  [3.9291538, 43.6400022],
  [3.929055, 43.6399995],
  [3.9289592, 43.6399909],
  [3.9285324, 43.6399209],
  [3.9283329, 43.6398801],
  [3.9279589, 43.6397941],
  [3.9276776, 43.639727],
  [3.9275707, 43.6397023],
  [3.9274929, 43.6396839],
  [3.9271015, 43.6396346],
  [3.9270069, 43.6396241],
  [3.9267838, 43.6395934],
  [3.9259455, 43.6394887],
  [3.9255916, 43.6394423],
  [3.9253976, 43.6394205],
  [3.9248268, 43.6393704],
  [3.9247679, 43.6393581],
  [3.9247323, 43.639346],
  [3.9246923, 43.6393268],
  [3.9246553, 43.6393048],
  [3.9246231, 43.6392737],
  [3.9245976, 43.6392383],
  [3.9245775, 43.6391937],
  [3.9245724, 43.6391531],
  [3.9245791, 43.6391028],
  [3.9245898, 43.6390663],
  [3.9246243, 43.6389908],
  [3.9247141, 43.6387993],
  [3.9248573, 43.6384876],
  [3.9249489, 43.638292],
  [3.9250327, 43.6381131],
  [3.925075, 43.6380176],
  [3.9251027, 43.6379648],
  [3.9251447, 43.6379098],
  [3.9251725, 43.6378731],
  [3.9252307, 43.6378141],
  [3.9253106, 43.6377398],
  [3.9260022, 43.6371259],
  [3.9261832, 43.6369619],
  [3.926302, 43.6368476],
  [3.9265061, 43.6366348],
  [3.9265353, 43.6366032],
  [3.9265762, 43.6365505],
  [3.9265924, 43.6365201],
  [3.9266013, 43.6364991],
  [3.9266147, 43.6364668],
  [3.9266186, 43.6364261],
  [3.9266139, 43.6363796],
  [3.926606, 43.6363567],
  [3.9265968, 43.6363353],
  [3.9265592, 43.6362896],
  [3.9265196, 43.6362546],
  [3.9265038, 43.6362434],
  [3.9264649, 43.6362151],
  [3.9263779, 43.6361685],
  [3.9262914, 43.6361279],
  [3.9246401, 43.6353945],
  [3.9243552, 43.6352677],
  [3.9235256, 43.6348986],
  [3.9231085, 43.6347147],
  [3.9230468, 43.6346833],
  [3.9229769, 43.6346363],
  [3.9228727, 43.634545],
  [3.9228057, 43.6344821],
  [3.9227491, 43.6344316],
  [3.9227365, 43.6344231],
  [3.9226923, 43.634393],
  [3.9226228, 43.6343608],
  [3.9221379, 43.6342103],
  [3.9217455, 43.6340881],
  [3.9216236, 43.6340522],
  [3.9216104, 43.6340489],
  [3.9213699, 43.6339827],
  [3.9212152, 43.6339459],
  [3.9211371, 43.633926],
  [3.9198711, 43.6336559],
  [3.9185426, 43.6333709],
  [3.9177416, 43.6332074],
  [3.9167356, 43.6330049],
  [3.9165986, 43.6329759],
  [3.9161938, 43.6328986],
  [3.9160776, 43.6328744],
  [3.916072, 43.6328732],
  [3.9156202, 43.6327809],
  [3.9153441, 43.6327256],
  [3.9138693, 43.6324333],
  [3.9110518, 43.6318684],
  [3.9093586, 43.6315308],
  [3.9089161, 43.6314427],
  [3.9086259, 43.6313833],
  [3.9085278, 43.6313658],
  [3.9081297, 43.6312856],
  [3.908012, 43.6312621],
  [3.9067942, 43.6310181],
  [3.9042191, 43.6305064],
  [3.9029536, 43.6302519],
  [3.9025061, 43.6301628],
  [3.902244, 43.6301116],
  [3.9014491, 43.6299509],
  [3.901034, 43.6298775],
  [3.9004765, 43.6297912],
  [3.899914, 43.6297156],
  [3.8998058, 43.6297011],
  [3.8994614, 43.6296562],
  [3.8993275, 43.6296338],
  [3.8991839, 43.6296145],
  [3.899024, 43.629589],
  [3.8988862, 43.6295523],
  [3.8987459, 43.6294938],
  [3.8986176, 43.6294198],
  [3.8984858, 43.6293158],
  [3.8983194, 43.6291607],
  [3.8982699, 43.6291145],
  [3.898201, 43.6290512],
  [3.8981724, 43.6290249],
  [3.8980646, 43.62892],
  [3.8979651, 43.6288328],
  [3.8976846, 43.6285691],
  [3.897518, 43.6284126],
  [3.8974864, 43.6283829],
  [3.8974172, 43.6283348],
  [3.8973732, 43.6283143],
  [3.8972889, 43.62829],
  [3.8972104, 43.6282744],
  [3.8971063, 43.6282647],
  [3.8970445, 43.6282627],
  [3.896926, 43.6282675],
  [3.8967524, 43.6282957],
  [3.8966225, 43.6283348],
  [3.8964907, 43.6283993],
  [3.895989, 43.6286897],
  [3.8958, 43.628788],
  [3.8956243, 43.6288603],
  [3.8954346, 43.6289093],
  [3.895217, 43.6289378],
  [3.8950523, 43.6289424],
  [3.8948909, 43.6289352],
  [3.8947772, 43.62892],
  [3.8946444, 43.6288973],
  [3.8944993, 43.6288547],
  [3.8943741, 43.6288053],
  [3.89423, 43.6287346],
  [3.8940744, 43.6286476],
  [3.8936822, 43.6284305],
  [3.893081, 43.6280983],
  [3.8924589, 43.6277633],
  [3.8922209, 43.6276404],
  [3.8919866, 43.6275375],
  [3.8916566, 43.6274173],
  [3.8914452, 43.6273576],
  [3.8912643, 43.6273078],
  [3.8910537, 43.627257],
  [3.890865, 43.6272158],
  [3.8905303, 43.6271568],
  [3.8900856, 43.627091],
  [3.8897916, 43.6270486],
  [3.8896914, 43.6270343],
  [3.8895365, 43.6270008],
  [3.8893515, 43.6269586],
  [3.8892206, 43.6269302],
  [3.8890265, 43.6268753],
  [3.8885806, 43.6267545],
  [3.888328, 43.6266837],
  [3.8881112, 43.6266241],
  [3.8876626, 43.6265012],
  [3.887399, 43.6264491],
  [3.8871998, 43.626423],
  [3.8869836, 43.6264072],
  [3.8867674, 43.6264044],
  [3.8854445, 43.6264037],
  [3.8845758, 43.6264044],
  [3.8844382, 43.6264018],
  [3.8843549, 43.6263976],
  [3.8842679, 43.6263927],
  [3.884097, 43.6263832],
  [3.8837565, 43.6263564],
  [3.8835542, 43.626337],
  [3.8832003, 43.626303],
  [3.8830851, 43.6262919],
  [3.8828203, 43.6262655],
  [3.8828026, 43.6262637],
  [3.8827058, 43.6262445],
  [3.8826243, 43.6262088],
  [3.8825797, 43.6261786],
  [3.8825408, 43.6261408],
  [3.8825173, 43.626105],
  [3.8825048, 43.626088],
  [3.8824867, 43.6260288],
  [3.8824839, 43.6259843],
  [3.8824849, 43.6259434],
  [3.8824906, 43.6259027],
  [3.8825438, 43.6255213],
  [3.8825878, 43.6251441],
  [3.8826102, 43.6249553],
  [3.8826375, 43.6247358],
  [3.882655, 43.6245213],
  [3.8826587, 43.6243009],
  [3.8826599, 43.6238573],
  [3.8826674, 43.6233239],
  [3.8826701, 43.6232355],
  [3.8826724, 43.6231609],
  [3.8826692, 43.6231176],
  [3.8826775, 43.6230421],
  [3.8826907, 43.6229516],
  [3.8827124, 43.6228513],
  [3.8827494, 43.6227321],
  [3.8828343, 43.6225114],
  [3.8828956, 43.6223847],
  [3.8829944, 43.6221539],
  [3.8832586, 43.6216027],
  [3.883265, 43.6215893],
  [3.8834376, 43.6212344],
  [3.8834645, 43.6211964],
  [3.8834907, 43.6211595],
  [3.88358, 43.621069],
  [3.8837685, 43.620897],
  [3.8837943, 43.6208734],
  [3.8838441, 43.6208211],
  [3.8838701, 43.6207938],
  [3.8839251, 43.62071],
  [3.8839501, 43.6206474],
  [3.8839763, 43.6205823],
  [3.8840474, 43.6204066],
  [3.884074, 43.6203407],
  [3.8841565, 43.6201409],
  [3.8841649, 43.6201136],
  [3.8841732, 43.6200866],
  [3.8841766, 43.6200371],
  [3.8841612, 43.6199812],
  [3.8841522, 43.6199664],
  [3.8841303, 43.6199303],
  [3.8841098, 43.6199081],
  [3.884074, 43.6198691],
  [3.8835641, 43.6193401],
  [3.8835567, 43.6193324],
  [3.8832556, 43.6190227],
  [3.883214, 43.6189664],
  [3.8831959, 43.618913],
  [3.8831939, 43.6188537],
  [3.8832093, 43.6187901],
  [3.8832449, 43.6187343],
  [3.8832958, 43.6186833],
  [3.8833756, 43.6186324],
  [3.8839979, 43.6182736],
  [3.884073, 43.6182236],
  [3.8841334, 43.6181596],
  [3.8841629, 43.6181008],
  [3.8841796, 43.6180319],
  [3.8841776, 43.6179731],
  [3.8841575, 43.6179076],
  [3.8841126, 43.6178387],
  [3.8839268, 43.6176265],
  [3.8838732, 43.61756],
  [3.883847, 43.6175095],
  [3.8838362, 43.6174766],
  [3.8838176, 43.6174197],
  [3.8837867, 43.6173251],
  [3.8837579, 43.6172629],
  [3.8837451, 43.617249],
  [3.8837129, 43.6172139],
  [3.8834353, 43.6169338],
  [3.883293, 43.6168022],
  [3.8832519, 43.6167642],
  [3.8831968, 43.6167029],
  [3.8831322, 43.6166309],
  [3.882978, 43.6164561],
  [3.8828652, 43.6163411],
  [3.8828499, 43.6163255],
  [3.8826716, 43.6161483],
  [3.8826496, 43.6161268],
  [3.8824004, 43.6158838],
  [3.8822687, 43.615743],
  [3.8821849, 43.6156534],
  [3.8821579, 43.6156245],
  [3.8821466, 43.6156124],
  [3.8819497, 43.615418],
  [3.8817474, 43.6152183],
  [3.8815582, 43.6150434],
  [3.8815063, 43.6149929],
  [3.8813904, 43.6148878],
  [3.8813367, 43.6148374],
  [3.8812628, 43.6147664],
  [3.8812473, 43.6147491],
  [3.8812392, 43.6147357],
  [3.8812232, 43.614705],
  [3.8812011, 43.6146564],
  [3.8811983, 43.6146194],
  [3.8812025, 43.6145768],
  [3.8812186, 43.6145251],
  [3.8812548, 43.6144659],
  [3.8813171, 43.6144134],
  [3.8813829, 43.6143799],
  [3.8814586, 43.6143528],
  [3.8815113, 43.6143425],
  [3.8816223, 43.614343],
  [3.8816949, 43.6143521],
  [3.8818898, 43.6143918],
  [3.8821386, 43.6144479],
  [3.882316, 43.6144911],
  [3.8823935, 43.6145048],
  [3.8824646, 43.6145068],
  [3.8825248, 43.6145031],
  [3.8825891, 43.6144866],
  [3.8826316, 43.6144602],
  [3.8827271, 43.6143818],
  [3.8827615, 43.6143596],
  [3.882813, 43.6143074],
  [3.8828295, 43.6142878],
  [3.8828479, 43.6142568],
  [3.8828532, 43.6142094],
  [3.8828498, 43.6141119],
  [3.8828222, 43.6139645],
  [3.882794, 43.6138829],
  [3.8827417, 43.6137304],
  [3.8827109, 43.6136246],
  [3.8826898, 43.6135244],
  [3.8826788, 43.6134111],
  [3.8826612, 43.6131635],
  [3.8826591, 43.6129919],
  [3.88266, 43.612858],
  [3.8826829, 43.6125855],
  [3.8827305, 43.6123013],
  [3.8827708, 43.6119249],
  [3.8827842, 43.611806],
  [3.8829321, 43.6110061],
  [3.883073, 43.6103823],
  [3.8830807, 43.6103297],
  [3.8830712, 43.6102635],
  [3.8830604, 43.6101917],
  [3.8830263, 43.6101131],
  [3.8829844, 43.6100592],
  [3.882924, 43.6100076],
  [3.8828404, 43.6099517],
  [3.8826279, 43.6098692],
  [3.8819062, 43.6095836],
  [3.8817424, 43.609517],
  [3.8816284, 43.6094567],
  [3.8815341, 43.6093789],
  [3.8812541, 43.6091572],
  [3.8811458, 43.6090889],
  [3.8810353, 43.6090224],
  [3.8808293, 43.6089265],
  [3.8803937, 43.6087606],
  [3.880261, 43.6086978],
  [3.8800934, 43.6086042],
  [3.8797702, 43.6084079],
  [3.8794855, 43.6082293],
  [3.8794097, 43.6081708],
  [3.8793638, 43.6081046],
  [3.8793418, 43.6080435],
  [3.8793437, 43.6079851],
  [3.8793579, 43.6079384],
  [3.8793718, 43.6078925],
  [3.8797774, 43.6068502],
  [3.8799492, 43.6063523],
  [3.8799616, 43.6063198],
  [3.8800093, 43.6061822],
  [3.8801714, 43.6057309],
  [3.8801992, 43.6056584],
  [3.8802583, 43.6055046],
  [3.8803462, 43.6052697],
  [3.8803561, 43.6052395],
  [3.8803954, 43.6051372],
  [3.8804275, 43.60505],
  [3.8804355, 43.605012],
  [3.8804365, 43.6050015],
  [3.8804346, 43.6049741],
  [3.8804333, 43.6049598],
  [3.8804242, 43.6049272],
  [3.8803977, 43.6048826],
  [3.8803691, 43.6048536],
  [3.8803182, 43.6048189],
  [3.8802052, 43.6047359],
  [3.8800759, 43.6046444],
  [3.8799817, 43.6045767],
  [3.8798132, 43.6044596],
  [3.879362, 43.6041461],
  [3.8790352, 43.6039095],
  [3.8788388, 43.6037719],
  [3.878806, 43.6037458],
  [3.8785483, 43.6035657],
  [3.8777922, 43.6030361],
  [3.8777303, 43.6030017],
  [3.8776541, 43.6029669],
  [3.8775688, 43.6029392],
  [3.8775173, 43.6029286],
  [3.8774712, 43.6029239],
  [3.8774483, 43.6029234],
  [3.8774024, 43.6029266],
  [3.8764266, 43.6030636],
  [3.8759259, 43.6031345],
  [3.8757096, 43.6031649],
  [3.8755545, 43.6031868],
  [3.8754433, 43.6032014],
  [3.8753826, 43.6031998],
  [3.8753273, 43.6031931],
  [3.8752743, 43.6031812],
  [3.8752268, 43.6031635],
  [3.8751852, 43.6031401],
  [3.8751503, 43.6031179],
  [3.8751203, 43.6030912],
  [3.8750967, 43.6030591],
  [3.8750695, 43.603023],
  [3.8750576, 43.6029831],
  [3.8750623, 43.602892],
  [3.8750755, 43.6028276],
  [3.8751535, 43.602453],
  [3.8751595, 43.6024175],
  [3.8753571, 43.6012572],
  [3.8753667, 43.6012083],
  [3.8755287, 43.6002582],
  [3.8755839, 43.5999257],
  [3.8755955, 43.5998502],
  [3.8756056, 43.5997494],
  [3.8756122, 43.5996437],
  [3.8756446, 43.5992903],
  [3.8756667, 43.5990924],
  [3.875763, 43.5980871],
  [3.8758455, 43.597702],
  [3.8758664, 43.5976326],
  [3.8759018, 43.5975487],
  [3.8759419, 43.597469],
  [3.8759903, 43.5973815],
  [3.8760216, 43.5973059],
  [3.8760606, 43.597175],
  [3.8760903, 43.5970338],
  [3.8760937, 43.5969813],
  [3.8760673, 43.596882],
  [3.8760469, 43.596825],
  [3.8760279, 43.5967541],
  [3.8759548, 43.5964804],
  [3.875942, 43.5964141],
  [3.8759382, 43.5963682],
  [3.875939, 43.5963205],
  [3.8759427, 43.59626],
  [3.8759565, 43.596204],
  [3.8759746, 43.596145],
  [3.8760916, 43.595848],
  [3.8761258, 43.595713],
  [3.8761781, 43.595336],
  [3.8761593, 43.5952486],
  [3.876119, 43.5951709],
  [3.8761055, 43.5951445],
  [3.8758854, 43.5948469],
  [3.8757675, 43.5946706],
  [3.875687, 43.5945502],
  [3.8756202, 43.5944541],
  [3.8755665, 43.5943492],
  [3.8752798, 43.5937619],
  [3.8751588, 43.5935372],
  [3.8749089, 43.5931474],
  [3.8748571, 43.5930852],
  [3.8748092, 43.5930387],
  [3.874744, 43.5929961],
  [3.8746761, 43.5929684],
  [3.8746125, 43.5929554],
  [3.8745164, 43.5929454],
  [3.8744475, 43.5929487],
  [3.8743086, 43.5929739],
  [3.8742013, 43.5930205],
  [3.8735946, 43.5933845],
  [3.873501, 43.593439],
  [3.8734158, 43.5934854],
  [3.8730593, 43.5936982],
  [3.8725034, 43.5940278],
  [3.8724256, 43.5940811],
  [3.8723314, 43.5941769],
  [3.8722765, 43.5942344],
  [3.8722081, 43.5942953],
  [3.8721339, 43.594347],
  [3.8715379, 43.5947005],
  [3.8713237, 43.5948252],
  [3.871308, 43.5948324],
  [3.8712282, 43.5948691],
  [3.8711141, 43.5949011],
  [3.870973, 43.5949212],
  [3.8701375, 43.594962],
  [3.8700284, 43.5949754],
  [3.8699343, 43.5950043],
  [3.8698196, 43.5950622],
  [3.8697048, 43.5951401],
  [3.8686438, 43.5957961],
  [3.8685573, 43.5958414],
  [3.8685517, 43.5958435],
  [3.8684988, 43.5958631],
  [3.8684211, 43.5958775],
  [3.8683831, 43.5958772],
  [3.8683275, 43.5958778],
  [3.868286, 43.5958714],
  [3.8682499, 43.5958637],
  [3.8682173, 43.5958504],
  [3.868153, 43.5958203],
  [3.8680926, 43.5957776],
  [3.8680532, 43.5957343],
  [3.8677984, 43.5954543],
  [3.8676688, 43.5953084],
  [3.8676493, 43.5952827],
  [3.8675989, 43.5952132],
  [3.8675736, 43.5951687],
  [3.8675344, 43.5950894],
  [3.8674338, 43.5949277],
  [3.8672008, 43.5946208],
  [3.8668149, 43.5941162],
  [3.8665705, 43.5937962],
  [3.8663908, 43.5935456],
  [3.8663438, 43.5934543],
  [3.8663373, 43.5934323],
  [3.8663182, 43.5933677],
  [3.8663046, 43.5933125],
  [3.8662988, 43.5931956],
  [3.8663127, 43.5927688],
  [3.8663215, 43.592709],
  [3.8663364, 43.5926637],
  [3.8664466, 43.5923385],
  [3.8665027, 43.5921812],
  [3.8665164, 43.592141],
  [3.8665231, 43.5920971],
  [3.8665219, 43.5920301],
  [3.8664946, 43.591952],
  [3.8663036, 43.5915447],
  [3.8661547, 43.5912387],
  [3.8660649, 43.5910289],
  [3.866031, 43.5909202],
  [3.865982, 43.5907415],
  [3.8658541, 43.5902859],
  [3.8657175, 43.589811],
  [3.86568, 43.5896685],
  [3.8656649, 43.5895514],
  [3.8656651, 43.5893968],
  [3.8656593, 43.5891029],
  [3.8656589, 43.5890428],
  [3.8656566, 43.5887133],
  [3.8656527, 43.5884274],
  [3.8656521, 43.5883807],
  [3.8656488, 43.5882782],
  [3.8656397, 43.5881721],
  [3.8656359, 43.5881431],
  [3.8656236, 43.5880624],
  [3.8655955, 43.5879439],
  [3.8655499, 43.5878195],
  [3.8655387, 43.5877969],
  [3.8654681, 43.5876534],
  [3.8652094, 43.5871557],
  [3.8651328, 43.5870249],
  [3.8650631, 43.5869355],
  [3.864937, 43.5867995],
  [3.8648016, 43.5866694],
  [3.8646634, 43.5865538],
  [3.8646505, 43.5865453],
  [3.8645454, 43.5864761],
  [3.8644677, 43.5864267],
  [3.864308, 43.5863449],
  [3.8640854, 43.5862507],
  [3.8638121, 43.586146],
  [3.8633381, 43.585979],
  [3.8625137, 43.585699],
  [3.8623862, 43.5856603],
  [3.8622222, 43.5856104],
  [3.8620961, 43.5855792],
  [3.8619152, 43.585535],
  [3.8613339, 43.5853915],
  [3.8604345, 43.5851792],
  [3.8603233, 43.585147],
  [3.8602421, 43.5851215],
  [3.8601252, 43.5850721],
  [3.8600326, 43.5850307],
  [3.8596927, 43.5848734],
  [3.8596208, 43.5848254],
  [3.8595753, 43.5847751],
  [3.8595603, 43.5847645],
  [3.8595364, 43.5847255],
  [3.8595083, 43.5846624],
  [3.8595, 43.5845953],
  [3.8595043, 43.5845354],
  [3.8595193, 43.5844925],
  [3.8595378, 43.5844584],
  [3.8595749, 43.5844042],
  [3.8596312, 43.5843421],
  [3.8602074, 43.5837056],
  [3.8603395, 43.5835584],
  [3.8604396, 43.5834474],
  [3.8605444, 43.5833346],
  [3.8606512, 43.583216],
  [3.8606708, 43.5831922],
  [3.8608487, 43.583054],
  [3.8612516, 43.5826075],
  [3.8613369, 43.5825132],
  [3.8614084, 43.5824341],
  [3.8614693, 43.5823398],
  [3.8615219, 43.582265],
  [3.8615697, 43.58217],
  [3.8615904, 43.5820946],
  [3.8615869, 43.5820142],
  [3.8615591, 43.5819251],
  [3.8615137, 43.5818528],
  [3.8614421, 43.5817834],
  [3.8613212, 43.581709],
  [3.8611488, 43.581614],
  [3.8609613, 43.5815315],
  [3.8609009, 43.5815063],
  [3.8608392, 43.5814806],
  [3.8605081, 43.5813453],
  [3.859643, 43.580995],
  [3.8590845, 43.5807723],
  [3.8588133, 43.580643],
  [3.8580896, 43.5802477],
  [3.8578526, 43.5801201],
  [3.8573838, 43.5798718],
  [3.857039, 43.5796826],
  [3.8566134, 43.5793972],
  [3.856278, 43.5791408],
  [3.8540252, 43.5777494],
  [3.8533194, 43.5773128],
  [3.8531673, 43.5772211],
  [3.8525127, 43.5768152],
  [3.8523404, 43.5767074],
  [3.851232, 43.5760171],
  [3.85103, 43.5759078],
  [3.8507518, 43.5757646],
  [3.8505391, 43.575639],
  [3.8497681, 43.5751577],
  [3.8495664, 43.5750334],
  [3.8488837, 43.5746127],
  [3.8488275, 43.5745781],
  [3.84872, 43.5745146],
  [3.8486649, 43.5744808],
  [3.8480719, 43.5741173],
  [3.8478975, 43.5739946],
  [3.8476102, 43.5737819],
  [3.8457785, 43.5726581],
  [3.8453333, 43.5724402],
  [3.8444363, 43.5719919],
  [3.8444352, 43.5719914],
  [3.8441514, 43.5718578],
  [3.8437593, 43.5716733],
  [3.8435466, 43.5715812],
  [3.8433125, 43.5714883],
  [3.8429497, 43.5713576],
  [3.84247, 43.5712112],
  [3.8420911, 43.5711142],
  [3.8419274, 43.5710759],
  [3.8416542, 43.571021],
  [3.8414784, 43.5709881],
  [3.840657, 43.5708551],
  [3.8404477, 43.5708281],
  [3.84023, 43.5708065],
  [3.8399258, 43.5707861],
  [3.8396955, 43.5707782],
  [3.8393331, 43.5707744],
  [3.8390315, 43.5707936],
  [3.8387512, 43.570817],
  [3.838478, 43.5708579],
  [3.8382871, 43.5708729],
  [3.837919, 43.5708971],
  [3.8375028, 43.5709287],
  [3.8374175, 43.570935],
  [3.8373297, 43.5709425],
  [3.8372249, 43.5709631],
  [3.8371295, 43.5709936],
  [3.8370525, 43.5710253],
  [3.8369242, 43.5710852],
  [3.836757, 43.571157],
  [3.8366083, 43.5712501],
  [3.8364419, 43.5713731],
  [3.8359596, 43.5717276],
  [3.8353441, 43.5721906],
  [3.8349967, 43.572451],
  [3.8347611, 43.5726204],
  [3.8346354, 43.5727097],
  [3.8345067, 43.5727932],
  [3.834343, 43.5728949],
  [3.8341314, 43.5730195],
  [3.8334801, 43.5733872],
  [3.8329495, 43.5736887],
  [3.8327894, 43.5737814],
  [3.8326622, 43.5738504],
  [3.8320512, 43.5741786],
  [3.8317947, 43.5743171],
  [3.8316378, 43.5743939],
  [3.8314515, 43.5744754],
  [3.8313615, 43.574513],
  [3.8312475, 43.5745929],
  [3.8311607, 43.574654],
  [3.8311339, 43.5746755],
  [3.8310614, 43.5747307],
  [3.8309936, 43.5747733],
  [3.8309767, 43.5747827],
  [3.8307161, 43.5749282],